(0, 1)
19  19  19  19  19  19  19  19  19  19  19  19  19  19  19  19
19  2  2  2  2  2  2  2  2  2  2  2  2  2  2  19
19  2  21  21  21  2  2  0  0  2  2  21  21  21  2  19
19  2  21  20  21  2  0  4  4  0  2  21  20  21  2  19
19  2  2  22  2  2  0  0  0  0  2  2  22  2  2  19
19  2  2  22  2  0  0  0  0  0  0  2  22  2  2  19
19  2  2  22  0  0  0  22  22  0  0  0  22  2  2  19
2  2  2  22  0  0  22  22  22  22  0  0  22  2  2  2
22  22  22  16  22  22  22  7  7  22  22  22  22  22  22  22
2  2  2  22  0  0  22  22  22  22  0  0  22  2  2  2
19  2  2  22  2  0  0  22  22  0  0  2  22  2  2  19
19  2  2  22  2  2  0  0  0  0  2  2  22  2  2  19
19  2  21  20  21  2  0  4  4  0  2  21  20  21  2  19
19  2  21  21  21  2  2  0  0  2  2  21  21  21  2  19
19  2  2  2  2  2  2  2  2  2  2  2  2  2  2  19
19  19  19  19  19  19  19  19  19  19  19  19  19  19  19  19
(1, 1)
19  19  19  19  19  19  19  19  19  19  19  19  19  19  19  19
19  2  2  2  2  2  2  2  2  2  2  2  2  2  2  19
19  2  21  21  21  2  0  0  0  0  2  21  21  21  2  19
19  2  21  20  21  0  0  22  22  0  0  21  20  21  2  19
19  2  2  22  0  0  22  22  22  22  0  0  22  2  2  19
19  2  2  22  0  22  22  0  0  22  22  0  22  2  2  19
19  2  2  22  0  22  0  6  0  0  22  0  22  2  2  19
2  2  2  22  0  22  0  21  21  0  22  0  22  2  2  2
22  22  22  22  22  22  0  20  21  0  22  22  22  22  22  22
2  2  2  22  0  22  0  21  21  0  22  0  22  2  2  2
19  2  2  22  0  22  0  0  6  0  22  0  22  2  2  19
19  2  2  22  0  22  22  0  0  22  22  0  22  2  2  19
19  2  21  20  21  0  22  22  22  22  0  21  20  21  2  19
19  2  21  21  21  0  0  22  22  0  0  21  21  21  2  19
19  2  2  2  2  2  0  0  0  0  2  2  2  2  2  19
19  19  19  19  19  19  19  19  19  19  19  19  19  19  19  19
(2, 1)
21  21  19  19  19  19  19  2  22  2  19  19  19  19  19  19
21  19  22  22  22  22  22  22  22  2  2  2  2  19  19  19
21  21  19  19  6  19  19  2  22  0  21  21  2  2  19  19
19  19  19  19  19  19  19  2  22  22  20  21  0  2  2  19
19  19  2  2  2  2  2  2  22  0  21  21  0  0  2  19
19  2  2  21  21  21  0  2  22  0  0  0  0  0  2  19
19  2  0  21  20  21  0  2  22  0  21  21  0  0  2  19
2  2  0  0  22  0  0  2  22  22  6  21  0  2  2  19
22  22  22  22  22  22  22  22  22  0  21  21  2  2  19  19
2  2  0  0  22  0  2  2  22  2  2  2  2  19  19  19
19  2  0  21  6  21  2  19  22  19  2  2  19  19  19  19
19  2  2  21  21  21  2  19  22  19  19  19  19  19  19  19
19  19  2  2  2  2  2  19  22  19  19  19  19  21  21  19
19  19  19  2  2  2  19  19  22  22  22  22  22  19  21  19
19  19  19  19  2  19  19  19  6  19  19  19  19  21  21  19
19  19  19  19  19  19  19  19  19  19  19  19  19  19  19  19
(2, 0)
19  19  19  19  19  19  19  19  19  19  19  19  19  19  19  19
19  19  19  19  19  19  19  19  19  19  19  19  19  19  19  19
19  19  19  19  2  2  2  2  2  2  2  2  2  2  2  2
19  19  19  2  2  21  21  0  22  22  22  22  22  22  22  22
19  19  19  2  0  21  6  22  22  0  0  22  0  0  22  0
19  19  2  2  0  21  21  0  22  0  21  20  21  21  20  21
19  19  2  0  0  0  0  0  22  0  21  21  21  21  21  21
19  2  2  0  0  21  21  0  22  0  0  0  0  0  0  0
19  2  0  7  0  21  20  22  22  22  22  22  22  22  22  22
19  2  2  0  0  21  21  0  22  0  0  0  0  0  0  0
19  19  2  0  0  0  0  0  22  0  21  21  21  21  21  21
19  19  2  2  0  21  21  0  22  0  21  20  21  21  20  21
19  19  19  2  0  21  20  22  22  0  0  22  0  0  22  0
19  19  19  2  2  21  21  0  22  22  22  22  22  22  22  22
19  19  19  19  2  2  2  2  22  2  2  2  2  2  2  2
19  19  19  19  19  19  19  2  22  2  19  19  19  19  19  19
(3, 0)
19  19  19  19  19  19  19  19  19  19  19  19  19  19  19  19
19  19  19  19  19  19  19  19  19  19  19  19  19  19  19  19
2  2  2  2  2  2  2  2  2  2  2  2  2  6  2  2
22  22  22  22  22  22  22  22  22  22  22  22  22  22  22  22
0  22  0  0  22  0  0  22  0  0  22  0  0  22  0  0
21  6  21  21  20  21  21  20  21  21  20  21  21  20  21  21
21  21  21  21  21  21  21  21  21  21  21  21  21  21  21  21
0  0  0  0  0  0  0  0  0  0  6  0  0  0  0  0
22  22  22  22  22  22  22  22  22  22  22  22  22  22  22  22
0  0  0  0  6  0  0  0  0  0  0  0  0  0  0  0
21  21  21  21  21  21  21  21  21  4  4  4  4  4  4  4
21  20  21  21  20  21  21  20  21  19  19  19  19  19  19  19
0  22  0  0  22  0  0  22  0  19  19  19  19  21  21  19
22  22  22  22  22  22  22  22  22  22  22  22  22  6  21  19
2  2  2  2  2  2  2  2  2  19  19  19  19  21  21  19
4  4  4  4  4  4  4  4  4  19  19  19  19  19  19  19
(4, 0)
19  19  19  19  19  19  19  19  19  19  19  19  19  19  19  19
19  19  19  19  19  19  19  19  19  19  19  19  19  19  19  19
2  2  2  2  2  2  2  2  2  2  2  2  2  2  21  21
22  22  22  22  22  22  22  22  22  22  22  22  22  22  6  21
22  0  0  22  0  0  22  0  0  22  0  0  22  0  21  21
20  21  21  20  21  21  20  21  21  20  21  21  20  21  21  21
21  21  21  21  21  21  21  21  21  21  21  21  21  21  21  21
0  0  0  0  0  0  0  0  0  0  0  0  0  0  2  19
22  22  22  22  22  22  22  22  22  0  0  2  2  2  2  19
0  0  0  0  0  0  0  0  22  0  2  2  22  2  2  19
4  4  4  4  4  4  4  0  22  0  2  22  22  22  2  19
19  19  19  19  19  19  19  0  22  22  22  22  7  22  2  19
19  21  21  19  19  19  19  0  22  0  2  22  22  22  2  19
19  21  6  22  22  22  22  22  22  0  2  2  22  2  2  19
19  21  21  19  19  19  19  0  22  0  2  2  2  2  19  19
19  19  19  19  19  19  19  0  22  0  19  19  19  19  19  19
(4, 1)
19  19  19  19  19  19  19  0  22  0  19  19  19  19  19  19
19  21  21  2  2  2  2  0  22  0  2  2  2  2  2  19
19  21  21  0  0  0  0  0  22  0  0  0  0  0  2  19
19  21  6  22  22  22  22  22  22  22  22  22  22  0  2  19
19  21  21  0  22  0  0  22  0  0  0  0  22  0  2  19
19  21  21  0  22  0  0  22  0  2  2  0  22  0  2  19
19  21  21  21  20  21  21  20  21  21  2  0  22  0  2  19
19  21  21  21  21  21  21  21  21  21  2  0  22  0  2  19
19  2  2  2  2  2  2  2  2  2  2  0  22  0  2  19
19  2  21  21  0  0  0  0  0  0  0  0  22  0  2  19
19  2  21  6  22  22  22  22  22  22  22  22  22  0  2  19
19  2  21  21  0  0  0  0  22  0  0  0  22  0  2  19
19  2  2  2  2  0  0  0  22  0  2  21  6  21  2  19
19  19  19  2  2  2  0  0  22  0  2  21  21  21  2  19
19  19  19  19  19  2  2  0  22  0  2  2  2  2  2  19
19  19  19  19  19  19  19  0  22  0  19  19  19  19  19  19
(4, 2)
19  19  19  19  19  19  2  0  22  0  2  19  19  19  19  19
19  19  19  19  19  19  2  0  22  0  2  19  19  19  19  19
19  2  2  2  2  2  2  0  22  0  2  2  2  2  2  19
19  2  7  0  0  0  0  0  22  0  0  0  0  7  2  19
19  2  22  22  22  22  22  22  22  22  22  22  22  22  2  19
19  19  19  19  19  19  19  19  22  19  19  19  19  19  19  19
19  19  19  19  19  19  19  19  22  19  5  19  19  19  19  19
19  19  19  19  19  19  19  19  22  20  5  20  19  19  19  19
19  19  19  19  19  19  5  20  2  2  5  2  20  19  19  19
19  19  19  19  20  20  5  2  2  20  20  20  2  20  19  19
19  20  20  20  2  2  20  16  2  20  2  20  2  2  20  19
19  19  19  19  20  20  5  2  2  20  20  20  2  20  19  19
19  19  19  19  19  19  5  20  20  2  5  2  20  19  19  19
19  19  19  19  19  19  19  19  19  20  5  20  19  19  19  19
19  19  19  19  19  19  19  19  19  19  5  19  19  19  19  19
19  19  19  19  19  19  19  19  19  19  19  19  19  19  19  19
(3, 2)
19  19  19  19  19  19  19  19  19  19  19  19  19  19  19  19
19  19  19  19  19  19  19  19  19  19  19  19  19  19  19  19
19  19  19  19  19  19  19  19  19  19  19  19  19  19  19  19
19  19  19  19  19  19  19  19  19  19  19  19  19  19  19  19
19  19  19  19  2  2  2  2  2  2  2  2  19  19  19  19
19  19  19  19  2  2  2  2  2  2  2  2  19  19  19  19
19  19  19  19  2  2  2  2  2  2  2  2  19  19  19  19
19  19  19  19  2  2  2  2  2  2  2  2  19  19  19  19
19  19  19  19  2  2  2  2  2  2  2  2  19  19  19  19
19  19  19  19  2  2  2  2  2  2  2  2  19  19  19  19
19  19  19  19  2  2  2  2  2  2  2  2  19  19  19  19
19  19  19  19  2  2  2  2  2  2  2  2  19  19  19  19
19  19  19  19  19  19  19  19  19  19  19  19  19  19  19  19
19  19  19  19  19  19  19  19  19  19  19  19  19  19  19  19
19  19  19  19  19  19  19  19  19  19  19  19  19  19  19  19
19  19  19  19  19  19  19  19  19  19  19  19  19  19  19  19