(0, 1)
10 10 10 10 10 10 10 10 10 10 10 10 10 10 10 10
10 9 9 14 9 9 14 9 9 14 9 9 14 9 9 10
10 9 9 9 9 9 9 17 17 9 9 9 9 9 9 10
10 14 9 9 9 9 17 17 17 17 9 9 9 9 14 10
10 9 9 9 9 9 17 17 17 17 9 9 9 9 9 10
10 9 9 9 9 17 17 17 17 17 17 9 9 9 9 10
9 9 9 17 17 17 17 9 9 17 17 17 17 9 9 9
17 17 17 17 17 17 9 10 10 9 17 17 17 17 17 17
17 17 17 17 17 17 9 10 10 9 17 17 17 17 17 17
9 9 9 17 17 17 17 9 9 17 17 17 17 9 9 9
10 9 9 9 9 17 17 17 17 17 17 9 9 9 9 10
10 9 9 9 9 9 17 17 17 17 9 9 9 9 9 10
10 14 9 9 9 9 17 17 17 17 9 9 9 9 14 10
10 9 9 9 9 9 9 17 17 9 9 9 9 9 9 10
10 9 9 14 9 9 14 9 9 14 9 9 14 9 9 10
10 10 10 10 10 10 10 10 10 10 10 10 10 10 10 10
(1, 1)
10 10 10 10 10 10 10 10 10 10 10 10 10 10 10 10
10 14 9 9 14 10 9 9 9 9 9 9 9 9 9 10
10 9 9 9 9 10 9 17 17 17 17 17 17 17 9 10
10 9 9 9 9 10 9 17 17 17 17 17 17 17 9 10
10 9 9 9 9 10 9 17 17 9 9 9 17 17 9 10
10 9 6 9 9 10 9 17 17 9 14 9 17 17 9 10
9 9 9 9 9 10 9 17 17 9 10 9 17 17 9 9
17 17 17 17 9 10 9 17 17 9 10 9 17 17 17 17
17 17 17 17 9 10 9 17 17 9 10 9 17 17 17 17
9 9 17 17 9 10 9 17 17 9 10 9 9 9 9 9
10 9 17 17 9 14 9 17 17 9 10 9 9 6 9 10
10 9 17 17 9 9 9 17 17 9 10 9 9 9 9 10
10 9 17 17 17 17 17 17 17 9 10 9 9 9 9 10
10 9 17 17 17 17 17 17 17 9 10 9 9 9 9 10
10 9 9 9 9 9 9 9 9 9 10 14 9 9 14 10
10 10 10 10 10 10 10 10 10 10 10 10 10 10 10 10
(2, 0)
10 10 10 10 10 10 10 10 10 10 10 10 10 10 10 10
10 9 9 9 9 9 9 9 6 9 9 9 9 9 9 10
10 9 17 17 17 17 17 17 17 17 17 17 17 17 9 10
10 9 17 17 17 17 17 17 17 17 17 17 17 17 9 10
10 9 17 17 9 9 9 9 9 9 9 9 17 17 9 10
10 9 17 17 9 14 10 10 10 10 10 9 17 17 9 10
10 9 17 17 9 9 9 9 9 9 10 9 17 17 9 9
10 9 17 17 17 17 17 17 17 9 10 9 17 17 17 17
10 9 17 17 17 17 17 17 17 9 10 9 17 17 17 17
10 9 9 9 9 9 9 17 17 9 10 9 9 9 9 9
10 9 9 9 9 9 9 17 17 9 10 9 9 6 9 10
10 9 9 10 10 9 9 17 17 9 10 9 9 9 9 10
10 9 9 10 10 9 9 17 17 9 10 9 9 9 9 10
10 9 9 9 9 9 9 17 17 9 10 9 9 9 9 10
10 9 9 9 9 9 9 17 17 9 10 14 9 9 14 10
10 10 10 10 10 10 9 17 17 9 10 10 10 10 10 10
(2, 1)
10 10 10 10 10 10 9 17 17 9 10 10 10 10 10 10
10 14 9 9 9 9 9 17 17 9 9 9 9 9 9 10
10 9 9 9 9 6 9 17 17 17 17 17 17 17 9 10
10 9 9 9 9 9 9 17 17 17 17 17 17 17 9 10
10 14 9 9 9 9 9 9 9 9 9 9 17 17 9 10
10 10 10 10 10 10 10 10 10 10 14 9 17 17 9 10
9 9 9 9 9 9 9 9 9 9 9 9 17 17 9 10
17 17 17 17 17 17 17 17 17 17 17 17 17 17 9 10
17 17 17 17 17 17 17 17 17 17 17 17 17 17 9 10
9 9 9 9 9 9 9 9 9 9 9 9 17 17 9 10
10 10 10 10 10 10 10 10 10 10 14 9 17 17 9 10
10 14 9 9 9 9 9 9 9 9 9 9 17 17 9 10
10 9 9 9 9 9 9 17 17 17 17 17 17 17 9 10
10 9 9 9 9 6 9 17 17 17 17 17 17 17 9 10
10 14 9 9 9 9 9 17 17 9 9 9 9 9 9 10
10 10 10 10 10 10 9 17 17 9 10 10 10 10 10 10
(2, 2)
10 10 10 10 10 10 9 17 17 9 10 10 10 10 10 10
10 9 9 9 9 9 9 17 17 9 10 14 9 9 14 10
10 9 9 9 9 9 9 17 17 9 10 9 9 9 9 10
10 9 9 10 10 9 9 17 17 9 10 9 9 9 9 10
10 9 9 10 10 9 9 17 17 9 10 9 9 9 9 10
10 9 9 9 9 9 9 17 17 9 10 9 9 6 9 10
10 9 9 9 9 9 9 17 17 9 10 9 9 9 9 9
10 9 17 17 17 17 17 17 17 9 10 9 17 17 17 17
10 9 17 17 17 17 17 17 17 9 10 9 17 17 17 17
10 9 17 17 9 9 9 9 9 9 10 9 17 17 9 9
10 9 17 17 9 14 10 10 10 10 10 9 17 17 9 10
10 9 17 17 9 9 9 9 9 9 9 9 17 17 9 10
10 9 17 17 17 17 17 17 17 17 17 17 17 17 9 10
10 9 17 17 17 17 17 17 17 17 17 17 17 17 9 10
10 9 9 9 9 9 9 9 6 9 9 9 9 9 9 10
10 10 10 10 10 10 10 10 10 10 10 10 10 10 10 10
(3, 0)
10 10 10 10 10 10 10 10 10 10 10 10 10 10 10 10
10 14 9 9 9 6 9 9 9 9 9 9 9 9 14 10
10 9 9 17 17 17 17 17 17 17 17 17 17 9 9 10
10 9 9 17 17 17 17 17 17 17 17 17 17 9 9 10
10 9 9 17 17 9 9 9 9 9 6 17 17 9 9 10
10 14 9 17 17 10 10 10 10 10 10 17 17 9 14 10
9 9 9 17 17 6 9 9 9 9 9 17 17 9 9 9
17 17 17 17 17 17 17 17 17 17 17 17 17 17 17 17
17 17 17 17 17 17 17 17 17 17 17 17 17 17 17 17
9 9 9 17 17 9 9 9 9 9 6 17 17 9 9 9
10 14 9 17 17 10 10 10 10 10 10 17 17 9 14 10
10 9 9 17 17 6 9 9 9 9 9 17 17 9 9 10
10 9 9 17 17 17 17 17 17 17 17 17 17 9 9 10
10 9 9 17 17 17 17 17 17 17 17 17 17 9 9 10
10 14 9 9 9 9 9 9 9 9 6 9 9 9 14 10
10 10 10 10 10 10 10 10 10 10 10 10 10 10 10 10
(3, 2)
10 10 10 10 10 10 10 10 10 10 10 10 10 10 10 10
10 14 9 9 9 6 9 9 9 9 9 9 9 9 14 10
10 9 9 17 17 17 17 17 17 17 17 17 17 9 9 10
10 9 9 17 17 17 17 17 17 17 17 17 17 9 9 10
10 9 9 17 17 9 9 9 9 9 6 17 17 9 9 10
10 14 9 17 17 10 10 10 10 10 10 17 17 9 14 10
9 9 9 17 17 6 9 9 9 9 9 17 17 9 9 9
17 17 17 17 17 17 17 17 17 17 17 17 17 17 17 17
17 17 17 17 17 17 17 17 17 17 17 17 17 17 17 17
9 9 9 17 17 9 9 9 9 9 6 17 17 9 9 9
10 14 9 17 17 10 10 10 10 10 10 17 17 9 14 10
10 9 9 17 17 6 9 9 9 9 9 17 17 9 9 10
10 9 9 17 17 17 17 17 17 17 17 17 17 9 9 10
10 9 9 17 17 17 17 17 17 17 17 17 17 9 9 10
10 14 9 9 9 9 9 9 9 9 6 9 9 9 14 10
10 10 10 10 10 10 10 10 10 10 10 10 10 10 10 10
(4, 0)
10 10 10 10 10 10 10 10 10 10 10 10 10 10 10 10
10 14 9 9 9 9 9 9 6 9 9 9 9 9 14 10
10 9 9 17 17 17 17 17 17 17 17 17 17 9 9 10
10 9 9 17 17 17 17 17 17 17 17 17 17 9 9 10
10 9 9 17 17 9 9 9 9 9 9 17 17 9 9 10
10 14 9 17 17 9 9 9 14 9 9 17 17 9 14 10
9 9 9 17 17 9 9 9 10 9 9 17 17 9 9 10
17 17 17 17 17 9 10 9 10 9 9 17 17 9 9 10
17 17 17 17 17 9 9 9 10 9 9 17 17 9 9 10
9 9 9 9 9 9 9 9 10 9 9 17 17 9 9 10
10 10 10 10 10 10 10 10 10 9 9 17 17 9 14 10
10 14 9 9 9 9 9 9 9 9 9 17 17 9 9 10
10 9 9 9 9 9 9 17 17 17 17 17 17 9 9 10
10 9 9 9 9 6 9 17 17 17 17 17 17 9 9 10
10 14 9 9 9 9 9 17 17 9 9 9 9 9 14 10
10 10 10 10 10 10 9 17 17 9 10 10 10 10 10 10
(4, 1)
10 10 10 10 10 10 9 17 17 9 10 10 10 10 10 10
10 14 9 9 9 14 9 17 17 9 14 9 9 9 14 10
10 9 9 9 9 9 9 17 17 9 9 9 17 9 9 10
10 9 9 10 10 17 17 17 17 9 17 17 17 17 9 10
10 9 9 10 10 17 17 17 17 9 9 9 17 9 9 10
10 14 9 9 9 9 9 17 17 9 9 9 9 9 14 10
10 9 9 9 9 9 9 17 17 9 9 9 9 9 9 9
10 9 9 10 10 17 17 17 17 17 17 17 17 17 17 17
10 9 9 10 10 17 17 17 17 17 17 17 17 17 17 17
10 9 9 9 9 9 9 17 17 9 9 9 9 9 9 9
10 14 9 9 9 9 9 17 17 9 9 9 9 9 14 10
10 9 9 10 10 17 17 17 17 9 9 9 17 9 9 10
10 9 9 10 10 17 17 17 17 9 17 17 17 17 9 10
10 9 9 9 9 9 9 17 17 9 9 9 17 9 9 10
10 14 9 9 9 14 9 17 17 9 14 9 9 9 14 10
10 10 10 10 10 10 9 17 17 9 10 10 10 10 10 10
(4, 2)
10 10 10 10 10 10 9 17 17 9 10 10 10 10 10 10
10 14 9 9 9 9 9 17 17 9 9 9 9 9 14 10
10 9 9 9 9 6 9 17 17 17 17 17 17 9 9 10
10 9 9 9 9 9 9 17 17 17 17 17 17 9 9 10
10 14 9 9 9 9 9 9 9 9 9 17 17 9 9 10
10 10 10 10 10 10 10 10 10 9 9 17 17 9 14 10
9 9 9 9 9 9 9 9 10 9 9 17 17 9 9 10
17 17 17 17 17 9 9 9 10 9 9 17 17 9 9 10
17 17 17 17 17 9 10 9 10 9 9 17 17 9 9 10
9 9 9 17 17 9 9 9 10 9 9 17 17 9 9 10
10 14 9 17 17 9 9 9 14 9 9 17 17 9 14 10
10 9 9 17 17 9 9 9 9 9 9 17 17 9 9 10
10 9 9 17 17 17 17 17 17 17 17 17 17 9 9 10
10 9 9 17 17 17 17 17 17 17 17 17 17 9 9 10
10 14 9 9 9 9 9 9 6 9 9 9 9 9 14 10
10 10 10 10 10 10 10 10 10 10 10 10 10 10 10 10
(5, 1)
10 10 10 10 10 10 10 10 10 10 10 10 10 10 10 10
10 14 9 9 9 14 9 9 9 9 9 9 9 9 14 10
10 9 9 9 9 9 9 9 9 9 17 9 9 9 9 10
10 9 9 17 9 17 9 9 9 17 17 17 9 9 9 10
10 9 9 9 17 9 9 9 17 17 17 17 17 9 9 10
10 14 9 17 9 17 9 9 17 17 10 17 17 9 14 10
9 9 9 9 9 9 9 17 17 17 17 17 17 17 9 10
17 17 17 17 17 17 17 17 17 17 6 6 17 17 9 10
17 17 17 17 17 17 17 17 17 17 6 6 17 17 9 10
9 9 9 9 9 9 9 17 17 17 17 17 17 17 9 10
10 14 9 17 9 17 9 9 17 17 17 17 17 9 14 10
10 9 9 9 17 9 9 9 17 17 17 17 17 9 9 10
10 9 9 17 9 17 9 9 9 17 17 17 9 9 9 10
10 9 9 9 9 9 9 9 9 9 17 9 9 9 9 10
10 14 9 9 9 14 9 9 9 9 9 9 9 9 14 10
10 10 10 10 10 10 10 10 10 10 10 10 10 10 10 10