(0, 0)
0 0 0 0 0 0 0 0 0 0 0 0 0 0 0 0
0 3 3 3 3 3 3 3 3 3 3 3 3 3 3 0
0 3 0 0 0 0 0 0 0 0 0 0 0 0 3 0
0 3 0 4 4 4 4 4 4 4 4 4 4 0 3 0
0 3 0 4 0 0 0 0 0 0 0 0 4 0 3 0
0 3 0 4 0 3 3 3 3 3 3 0 4 0 3 0
0 3 0 4 0 3 0 0 0 0 3 0 4 0 3 0
0 3 0 4 0 0 0 0 4 0 3 0 4 0 3 0
0 3 0 4 4 4 4 4 4 0 3 0 4 0 3 0
0 3 0 0 0 0 0 0 0 0 3 0 4 0 3 0
0 3 3 3 3 3 3 3 3 3 3 0 4 0 3 0
0 0 0 0 0 0 0 0 0 0 0 0 4 0 3 0
0 4 4 4 4 4 4 4 4 4 4 4 4 0 3 0
0 0 0 0 0 0 4 0 0 0 0 0 0 0 3 0
0 0 0 0 0 0 4 0 3 3 3 3 3 3 3 0
4 4 4 4 4 4 4 0 3 0 0 0 0 0 0 0
(0, 1)
4	4	4	4	4	4	4	4	0	3	0	4	4	4	4	4
4	0	0	0	0	0	0	0	0	3	0	0	0	0	0	4
4	0	3	3	3	3	3	3	3	3	3	3	3	3	6	4
4	0	3	0	0	0	0	0	0	0	0	0	0	0	0	4
4	6	3	0	4	4	4	4	4	4	4	4	4	4	4	4
4	0	3	0	0	0	0	0	0	0	0	0	0	0	0	4
4	0	3	3	3	3	3	3	3	3	3	0	0	0	0	4
4	0	0	0	0	0	0	0	0	0	3	3	3	0	0	4
4	0	3	3	3	0	4	0	0	6	0	0	3	3	0	4
4	0	3	7	3	0	4	0	0	0	0	0	0	3	0	4
4	0	3	3	3	0	4	0	3	3	3	3	3	3	0	4
4	0	0	0	0	0	4	0	3	0	0	0	0	0	0	4
4	4	4	4	4	4	4	4	4	0	0	0	0	0	0	4
4	0	0	0	0	0	0	0	3	0	0	0	0	0	0	4
4	0	0	0	0	0	6	0	3	0	0	0	0	0	0	4
4	4	4	4	4	4	4	0	3	0	4	4	4	4	4	4
(1, 0)
4	4	4	4	4	4	4	0	3	0	4	4	4	4	4	4
4	0	0	0	0	0	0	0	3	0	0	0	0	0	0	4
4	5	0	4	0	0	0	3	3	0	0	0	4	0	5	4
4	5	0	0	4	0	0	3	0	0	0	4	0	0	5	4
4	5	0	4	0	0	0	3	0	0	0	0	4	0	5	4
4	5	0	0	4	0	0	3	3	0	0	4	0	0	5	4
4	5	0	4	0	0	0	0	3	0	0	0	4	0	5	4
4	5	0	0	4	0	0	0	3	0	0	4	0	0	5	4
4	5	0	4	0	0	0	3	3	0	0	0	4	0	5	4
4	5	0	0	4	0	0	3	0	0	0	4	0	0	5	4
4	5	0	4	0	0	3	3	3	0	0	0	4	0	5	4
4	0	0	0	0	3	3	3	3	3	0	0	0	0	0	4
4	0	0	0	0	3	3	6	3	3	0	0	0	0	0	4
4	0	0	0	0	3	3	3	3	3	0	0	0	0	0	4
4	0	0	0	0	0	3	3	3	0	0	0	0	0	0	4
4	4	4	4	4	4	4	4	4	4	4	4	4	4	4	4
(1, 1)
4	4	4	4	4	4	4	0	3	0	4	4	4	4	4	4
4	0	0	0	0	0	0	3	3	0	18	0	0	0	0	4
4	0	0	0	3	3	3	3	0	0	0	0	0	0	0	0
4	0	0	3	3	0	0	0	0	10	0	0	0	3	3	3
4	0	0	3	0	0	0	0	0	10	0	0	3	3	0	0
4	18	0	3	3	3	3	3	3	3	3	3	3	0	18	4
0	0	3	3	0	0	0	0	3	0	0	0	0	0	0	4
3	3	3	0	0	1	0	0	3	3	0	0	0	0	1	1
0	0	0	0	1	1	1	0	0	3	3	0	0	0	1	4
4	0	0	1	1	1	1	1	0	0	3	0	1	1	1	4
4	0	1	1	1	1	1	1	1	1	-1	1	1	0	0	4
4	0	1	1	1	1	1	1	0	0	3	0	0	0	0	4
4	0	1	1	1	1	0	0	0	3	3	0	0	0	0	4
4	0	0	1	1	1	1	0	0	3	0	0	0	8	0	4
4	0	0	0	0	0	0	0	0	3	0	18	0	0	0	4
4	4	4	4	4	4	4	4	0	3	0	4	4	4	4	4
